0.01 2341857.540858444
0.11000900090009 19351.02757451351
0.21001800180018002 5309.424242713056
0.31002700270027 2436.4720258951656
0.41003600360036 1392.8889356734014
0.51004500450045 900.209259996726
0.61005400540054 629.2509891144813
0.71006300630063 464.4796582743029
0.81007200720072 356.87261461773994
0.91008100810081 282.74853915230347
1.0100900090009 229.5304572256359
1.11009900990099 190.03650825590412
1.21010801080108 159.92346864434214
1.31011701170117 136.43955704976122
1.41012601260126 117.77269807128131
1.51013501350135 102.6901807991458
1.61014401440144 90.3297958812569
1.71015301530153 80.07381710444986
1.81016201620162 71.47029546656275
1.9101710171017101 64.18240256209192
2.0101800180017997 57.95495453295425
2.11018901890189 52.59176610386009
2.2101980198019797 47.94000795084722
2.31020702070207 43.87919727460209
2.4102160216021598 40.31331709274955
2.51022502250225 37.16508786194329
2.61023402340234 34.371744925288475
2.71024302430243 31.881885819485206
2.81025202520252 29.653088500944836
2.91026102610261 27.650092341625932
3.0102700270027 25.843394901425576
3.11027902790279 24.20815930812588
3.21028802880288 22.723356083729676
3.3102970297029697 21.371083638857378
3.41030603060306 20.1360261540287
3.5103150315031497 19.00501799501644
3.61032403240324 17.966691390813953
3.7103330333033298 17.011189669310735
3.8103420342034204 16.129932471234213
3.9103510351035102 15.315422447297022
4.0103600360036 14.561085268652908
4.11036903690369 13.86113654733368
4.21037803780378 13.210470615458592
4.31038703870387 12.604567154177282
4.41039603960396 12.039412471928628
4.51040504050405 11.511432862977573
4.61041404140414 11.017437973147059
4.71042304230423 10.554572491472038
4.81043204320432 10.120274797728234
4.9104410441044095 9.712241444292722
5.0104500450045 9.328396550206044
5.11045904590459 8.966865346086983
5.21046804680468 8.625951238776958
5.31047704770477 8.304115870529593
5.41048604860486 7.9999617341034375
5.51049504950495 7.712216976098219
5.61050405040504 7.439722079320152
5.71051305130513 7.18141816326355
5.81052205220522 6.936336681857256
5.91053105310531 6.703590330966029
6.0105400540054 6.4823650059782105
6.11054905490549 6.271912673133665
6.21055805580558 6.071545037843931
6.31056705670567 5.8806279097738825
6.41057605760576 5.698576178415108
6.51058505850585 5.524849324714673
6.61059405940594 5.358947404379795
6.71060306030603 5.200407447048536
6.81061206120612 5.0488002228372135
6.91062106210621 4.903727334044277
7.0106300630063 4.7648185951715885
7.11063906390639 4.631729669053873
7.21064806480648 4.504139930879286
7.31065706570657 4.3817505353339685
7.410666066606659 4.264282665090953
7.5106750675067495 4.151475941456178
7.61068406840684 4.04308698023848
7.710693069306929 3.9388880778739215
7.81070207020702 3.838666014548738
7.9107110711071105 3.7422209625637466
8.0107200720072 3.649365489495618
8.11072907290729 3.5599236468623494
8.21073807380738 3.4737301360126067
8.31074707470747 3.390629543849915
8.41075607560756 3.3104756417886474
8.51076507650765 3.233130742032976
8.61077407740774 3.1584651058838484
8.71078307830783 3.0863563993231304
8.81079207920792 3.01668919160646
8.91080108010801 2.949354493025162
9.0108100810081 2.8842493283789237
9.11081908190819 2.821276343040637
9.21082808280828 2.7603434387979577
9.31083708370837 2.7013634369268114
9.41084608460846 2.6442537661940686
9.51085508550855 2.588936173703517
9.61086408640864 2.535336456693454
9.71087308730873 2.483384213568717
9.81088208820882 2.4330126126066762
9.91089108910891 2.384158176917687
10.010900090009 2.3367605843675237
10.11090909090909 2.2907624812837586
10.21091809180918 2.246109308871397
10.31092709270927 2.2027491413564415
10.41093609360936 2.1606325349604587
10.51094509450945 2.1197123868856824
10.61095409540954 2.0799438035594546
10.71096309630963 2.0412839774496057
10.81097209720972 2.0036920718194557
10.91098109810981 1.9671291128429267
11.0109900990099 1.9315578885474305
11.110999099909991 1.8969428540951172
11.21100810081008 1.8632500429521777
11.31101710171017 1.8304469835315786
11.41102610261026 1.798502620927164
11.51103510351035 1.7673872433867923
11.61104410441044 1.7370724131993924
11.71105310531053 1.7075309016956743
11.81106210621062 1.6787366280850387
11.91107110711071 1.6506646018720958
12.0110801080108 1.623290868615347
12.11108910891089 1.596592458808173
12.21109810981098 1.570547339678385
12.31110711071107 1.545134369717456
12.411116111611161 1.5203332557641807
12.51112511251125 1.4961245124800582
12.61113411341134 1.472489424065281
12.71114311431143 1.4494100080748575
12.81115211521152 1.42686898120422
12.91116111611161 1.4048497269227658
13.0111701170117 1.3833362648421244
13.11117911791179 1.3623132217137086
13.21118811881188 1.3417658039572609
13.31119711971197 1.3216797716287076
13.41120612061206 1.3020414137418002
13.51121512151215 1.2828375248636552
13.61122412241224 1.2640553829096057
13.711233123312331 1.2456827280676348
13.81124212421242 1.2277077427871912
13.91125112511251 1.2101190327713967
14.0112601260126 1.1929056089155574
14.11126912691269 1.1760568701385092
14.21127812781278 1.159562587056723
14.31128712871287 1.1434128864542088
14.41129612961296 1.1275982365041988
14.51130513051305 1.1121094327013081
14.61131413141314 1.0969375844653912
14.711323132313229 1.0820741023807048
14.811332133213318 1.0675106860361636
14.91134113411341 1.053239312434551
15.0113501350135 1.0392522249404663
15.111359135913588 1.0255419227385685
15.21136813681368 1.0121011507753797
15.31137713771377 0.9989228901594542
15.411386138613858 0.986000348996195
15.51139513951395 0.9733269536349785
15.61140414041404 0.9608963403075179
15.711413141314129 0.9487023471376101
15.811422142214221 0.9367390065035316
15.91143114311431 0.9250005377354094
16.0114401440144 0.9134813401308782
16.11144914491449 0.9021759862732703
16.211458145814582 0.891079215637454
16.311467146714673 0.8801859284692506
16.411476147614763 0.8694911799251415
16.51148514851485 0.8589901744596817
16.61149414941494 0.8486782604487355
16.711503150315032 0.8385509250372698
16.811512151215123 0.8286037892010556
16.911521152115213 0.8188326030121836
17.0115301530153 0.8092332410988434
17.11153915391539 0.7998016982902983
17.211548154815482 0.7905340854384892
17.311557155715573 0.7814266254081084
17.411566156615663 0.7724756492274414
17.511575157515754 0.7636775923926419
17.61158415841584 0.7550289913184962
17.71159315931593 0.7465264799290704
17.811602160216022 0.7381667863819882
17.911611161116113 0.72994672992037
18.011620162016204 0.7218632178467946
18.11162916291629 0.7139132426138959
18.21163816381638 0.7060938790264927
18.311647164716472 0.6984022815503874
18.411656165616563 0.6908356817232153
18.511665166516654 0.6833913856629373
18.61167416741674 0.6760667716698036
18.71168316831683 0.6688592879177864
18.811692169216922 0.661766450231702
18.911701170117013 0.6547858399463956
19.011710171017103 0.6479151018445481
19.11171917191719 0.6411519421698264
19.21172817281728 0.6344941267122384
19.311737173717372 0.6279394789627201
19.411746174617463 0.6214858783340994
19.511755175517553 0.6151312584457286
19.61176417641764 0.6088736054691883
19.71177317731773 0.6027109565325984
19.811782178217822 0.5966413981811667
19.911791179117913 0.5906630648917292
