0.01 41303.837643274725
0.11000900090009 341.29817344707186
0.21001800180018002 93.64344033493141
0.31002700270027 42.97257336288057
0.41003600360036 24.56667728519421
0.51004500450045 15.877181455814595
0.61005400540054 11.0982330213508
0.71006300630063 8.19212614740564
0.81007200720072 6.294237918545135
0.91008100810081 4.986895894076835
1.0100900090009 4.048277307234948
1.11009900990099 3.3517141612377674
1.21010801080108 2.8206041012272305
1.31011701170117 2.406413376638566
1.41012601260126 2.0771820296820755
1.51013501350135 1.811168476854343
1.61014401440144 1.593165749126626
1.71015301530153 1.4122788783928801
1.81016201620162 1.260536744342562
1.9101710171017101 1.1319986330202592
2.0101800180017997 1.0221638126523445
2.11018901890189 0.9275721219705991
2.2101980198019797 0.8455280778066689
2.31020702070207 0.7739066995010431
2.4102160216021598 0.7110145151913951
2.51022502250225 0.6554885291976581
2.61023402340234 0.6062217479675384
2.71024302430243 0.56230757536461
2.81025202520252 0.5229978048176739
2.91026102610261 0.4876705371589057
3.0102700270027 0.45580543160120335
3.11027902790279 0.4269644349667982
3.21028802880288 0.40077664589650713
3.3102970297029697 0.37692633026543526
3.41030603060306 0.35514335972027755
3.5103150315031497 0.33519552918062084
3.61032403240324 0.31688234286060607
3.7103330333033298 0.3000299565457786
3.8103420342034204 0.2844870366216327
3.9103510351035102 0.27012135075024135
4.0103600360036 0.25681694610076755
4.11036903690369 0.24447180219701434
4.21037803780378 0.23299586929277488
4.31038703870387 0.22230942156671563
4.41039603960396 0.21234166869034804
4.51040504050405 0.20302958045842245
4.61041404140414 0.19431688791834267
4.71042304230423 0.18615323134563194
4.81043204320432 0.17849343090163602
4.9104410441044095 0.17129686019257254
5.0104500450045 0.16452690646611975
5.11045904590459 0.1581505040174732
5.21046804680468 0.1521377296736189
5.31047704770477 0.14646145109303543
5.41048604860486 0.14109702014439998
5.51049504950495 0.13602200487981037
5.61050405040504 0.1312159546488401
5.71051305130513 0.12666019375165374
5.81052205220522 0.12233763973597771
5.91053105310531 0.11823264303077592
6.0105400540054 0.1143308451005192
6.11054905490549 0.11061905271528592
6.21055805580558 0.1070851262775828
6.31056705670567 0.10371788043809636
6.41057605760576 0.1005069954788159
6.51058505850585 0.09744293815067911
6.61059405940594 0.09451689083026549
6.71060306030603 0.09172068801120688
6.81061206120612 0.08904675927509914
6.91062106210621 0.08648807799726708
7.0106300630063 0.08403811513764481
7.11063906390639 0.08169079754868981
7.21064806480648 0.0794404703026613
7.31065706570657 0.07728186260143911
7.410666066606659 0.07521005688475137
7.5106750675067495 0.07322046079840168
7.61068406840684 0.07130878172384196
7.710693069306929 0.06947100360506897
7.81070207020702 0.06770336583905014
7.9107110711071105 0.06600234402231527
8.0107200720072 0.06436463236950073
8.11072907290729 0.06278712763994931
8.21073807380738 0.06126691442632378
8.31074707470747 0.05980125167491251
8.41075607560756 0.05838756032116776
8.51076507650765 0.05702341193626106
8.61077407740774 0.055706518291268076
8.71078307830783 0.05443472175519071
8.81079207920792 0.05320598645153306
8.91080108010801 0.05201839010571038
9.0108100810081 0.05087011652229627
9.11081908190819 0.049759448637104804
9.21082808280828 0.04868476209445104
9.31083708370837 0.047644519304706916
9.41084608460846 0.0466372639415385
9.51085508550855 0.04566161584203495
9.61086408640864 0.044716266276366
9.71087308730873 0.04379997355668097
9.81088208820882 0.04291155895772748
9.91089108910891 0.04204990292415332
10.010900090009 0.04121394154169604
10.11090909090909 0.040402663251482875
10.21091809180918 0.03961510578848653
10.31092709270927 0.03885035332682893
10.41093609360936 0.03810753381611364
10.51094509450945 0.03738581649431627
10.61095409540954 0.036684409563983764
10.71096309630963 0.03600255801960114
10.81097209720972 0.03533954161499104
10.91098109810981 0.034694672960525114
11.0109900990099 0.03406729574075831
11.110999099909991 0.0334567830438542
11.21100810081008 0.032862535794859135
11.31101710171017 0.03228398128551248
11.41102610261026 0.03172057179385442
11.51103510351035 0.03117178328741709
11.61104410441044 0.03063711420426491
11.71105310531053 0.030116084306588374
11.81106210621062 0.02960823360195765
11.91107110711071 0.029113121327710552
12.0110801080108 0.02863032499428687
12.11108910891089 0.028159439483631553
12.21109810981098 0.027700076199073186
12.31110711071107 0.0272518622633464
12.411116111611161 0.026814439761667263
12.51112511251125 0.02638746502699208
12.61113411341134 0.025970607964794116
12.71114311431143 0.025563551414880918
12.81115211521152 0.02516599054794781
12.91116111611161 0.024777632294723847
13.0111701170117 0.024398194805713376
13.11117911791179 0.024027406939673777
13.21118811881188 0.023665007779095564
13.31119711971197 0.02331074617106794
13.41120612061206 0.022964380292021337
13.51121512151215 0.022625677234938014
13.61122412241224 0.02229441261771513
13.711233123312331 0.02197037021145052
13.81124212421242 0.021653341587501197
13.91125112511251 0.021343125782238886
14.0112601260126 0.021039528978495717
14.11126912691269 0.020742364202757036
14.21127812781278 0.02045145103721812
14.31128712871287 0.020166615345876607
14.41129612961296 0.01988768901388419
14.51130513051305 0.019614509699429124
14.61131413141314 0.019346920597465643
14.711323132313229 0.019084770214648352
14.811332133213318 0.01882791215486823
14.91134113411341 0.018576204914823456
15.0113501350135 0.018329511689091978
15.111359135913588 0.018087700184204348
15.21136813681368 0.017850642441245176
15.31137713771377 0.017618214666538852
15.411386138613858 0.017390297070001302
15.51139513951395 0.017166773710763646
15.61140414041404 0.016947532349696245
15.711413141314129 0.016732464308482922
15.811422142214221 0.016521464334914915
15.91143114311431 0.01631443047409286
16.0114401440144 0.016111263945242454
16.11144914491449 0.015911869023865967
16.211458145814582 0.01571615292896704
16.311467146714673 0.015524025715100689
16.411476147614763 0.015335400169014052
16.51148514851485 0.015150191710656034
16.61149414941494 0.014968318298346163
16.711503150315032 0.014789700337904029
16.811512151215123 0.014614260595551473
16.911521152115213 0.014441924114409485
17.0115301530153 0.014272618134421352
17.11153915391539 0.014106272015542173
17.211548154815482 0.013942817164043593
17.311557155715573 0.013782186961789882
17.411566156615663 0.013624316698349534
17.511575157515754 0.013469143505812957
17.61158415841584 0.01331660629619387
17.71159315931593 0.013166645701297818
17.811602160216022 0.013019204014947569
17.911611161116113 0.012874225137460098
18.011620162016204 0.0127316545222757
18.11162916291629 0.012591439124644239
18.21163816381638 0.012453527352278507
18.311647164716472 0.012317869017888955
18.411656165616563 0.012184415293518264
18.511665166516654 0.012053118666598129
18.61167416741674 0.011923932897654577
18.71168316831683 0.011796812979591273
18.811692169216922 0.011671715098484149
18.911701170117013 0.011548596595823402
19.011710171017103 0.011427415932142151
19.11171917191719 0.011308132651973944
19.21172817281728 0.011190707350083762
19.311737173717372 0.011075101638920086
19.411746174617463 0.010961278117237646
19.511755175517553 0.010849200339843134
19.61176417641764 0.010738832788418026
19.71177317731773 0.010630140843375073
19.811782178217822 0.010523090756706682
19.911791179117913 0.010417649625785542
