0.01 13920564.08272191
0.11000900090009 115027.15887610725
0.21001800180018002 31560.49380610548
0.31002700270027 14482.975322145387
0.41003600360036 8279.66661116725
0.51004500450045 5351.0602045633
0.61005400540054 3740.419118266837
0.71006300630063 2760.9787253575046
0.81007200720072 2121.3365947672974
0.91008100810081 1680.7252746564748
1.0100900090009 1364.3842048456445
1.11009900990099 1129.622679893375
1.21010801080108 950.6235348451963
1.31011701170117 811.0295200250181
1.41012601260126 700.0692237220204
1.51013501350135 610.4151160094908
1.61014401440144 536.9420172686046
1.71015301530153 475.9780144192919
1.81016201620162 424.83661396784083
1.9101710171017101 381.5156269160359
2.0101800180017997 344.4981790786009
2.11018901890189 312.6180980265525
2.2101980198019797 284.96692952609675
2.31020702070207 260.8284948603613
2.4102160216021598 239.632046008656
2.51022502250225 220.91821479137707
2.61023402340234 204.31391300260634
2.71024302430243 189.51359204603023
2.81025202520252 176.26508509852098
2.91026102610261 164.3587945121928
3.0102700270027 153.61935069223287
3.11027902790279 143.89911730069537
3.21028802880288 135.0730900659803
3.3102970297029697 127.03485763821122
3.41030603060306 119.69337910527676
3.5103150315031497 112.97039477300171
3.61032403240324 106.798331878306
3.7103330333033298 101.11859999313722
3.8103420342034204 95.88019539971037
3.9103510351035102 91.03855205189139
4.0103600360036 86.5545905588939
4.11036903690369 82.3939271283712
4.21037803780378 78.52621244330504
4.31038703870387 74.92457664200104
4.41039603960396 71.56516137713876
4.51040504050405 68.42672368289735
4.61041404140414 65.4902993272544
4.71042304230423 62.73891565556652
4.81043204320432 60.1573457815413
4.9104410441044095 57.73189745887994
5.0104500450045 55.45023115222641
5.11045904590459 53.30120278178242
5.21046804680468 51.274727390041235
5.31047704770477 49.36166060881782
5.41048604860486 47.55369531918146
5.51049504950495 45.843271318834006
5.61050405040504 44.223496158888416
5.71051305130513 42.68807559911949
5.81052205220522 41.23125236889254
5.91053105310531 39.84775211916627
6.0105400540054 38.53273561646089
6.11054905490549 37.281756368318014
6.21055805580558 36.09072298627388
6.31056705670567 34.95586569055037
6.41057605760576 33.87370644365556
6.51058505850585 32.84103227042635
6.61059405940594 31.85487138182605
6.71060306030603 30.912471770749455
6.81061206120612 30.01128199160359
6.91062106210621 29.148933872696496
7.0106300630063 28.323226942454056
7.11063906390639 27.532114378005247
7.21064806480648 26.773690308407065
7.31065706570657 26.046178325287183
7.410666066606659 25.347921071441007
7.5106750675067495 24.677370793329665
7.61068406840684 24.033080756824056
7.710693069306929 23.413697437212132
7.81070207020702 22.817953404674004
7.9107110711071105 22.244660835337623
8.0107200720072 21.692705585829778
8.11072907290729 21.16104177608466
8.21073807380738 20.64868683118959
8.31074707470747 20.15471693834596
8.41075607560756 19.678262879695115
8.51076507650765 19.21850620588572
8.61077407740774 18.774675718908224
8.71078307830783 18.346044235956143
8.81079207920792 17.931925608941494
8.91080108010801 17.531671976840485
9.0108100810081 17.144671230312625
9.11081908190819 16.770344670055422
9.21082808280828 16.40814484215913
9.31083708370837 16.057553535334634
9.41084608460846 15.718079926326432
9.51085508550855 15.38925886111153
9.61086408640864 15.07064926063992
9.71087308730873 14.761832640909093
9.81088208820882 14.462411738096897
9.91089108910891 14.172009230314762
10.010900090009 13.890266548298575
10.11090909090909 13.616842768034605
10.21091809180918 13.351413578932329
10.31092709270927 13.093670321710869
10.41093609360936 12.843319090667523
10.51094509450945 12.600079895451323
10.61095409540954 12.363685877876332
10.71096309630963 12.13388257968264
10.81097209720972 11.910427257492413
10.91098109810981 11.693088241516175
11.0109900990099 11.481644334845058
11.110999099909991 11.27588425041976
11.21100810081008 11.075606082999546
11.31101710171017 10.880616813666622
11.41102610261026 10.690731844594826
11.51103510351035 10.505774561988279
11.61104410441044 10.325575925257436
11.71105310531053 10.149974080647697
11.81106210621062 9.978813997671278
11.91107110711071 9.81194712681718
12.0110801080108 9.649231077127743
12.11108910891089 9.490529312334953
12.21109810981098 9.335710864345398
12.31110711071107 9.184650062951082
12.411116111611161 9.037226280724386
12.51112511251125 8.89332369213001
12.61113411341134 8.752831045955599
12.71114311431143 8.615641450226084
12.81115211521152 8.481652168825113
12.91116111611161 8.350764429101043
13.0111701170117 8.222883239784549
13.11117911791179 8.097917218591109
13.21118811881188 7.975778428924064
13.31119711971197 7.85638222513331
13.41120612061206 7.73964710582118
13.51121512151215 7.625494574720721
13.61122412241224 7.51384900870295
13.711233123312331 7.404637532498622
13.81124212421242 7.297789899746941
13.91125112511251 7.19323838000867
14.0112601260126 7.090917651404304
14.11126912691269 6.990764698559459
14.21127812781278 6.89271871555983
14.31128712871287 6.796721013636567
14.41129612961296 6.702714933320415
14.51130513051305 6.6106457608190805
14.61131413141314 6.52046064838735
14.711323132313229 6.432108538473602
14.811332133213318 6.34554009143936
14.91134113411341 6.260707616660859
15.0113501350135 6.177565006832991
15.111359135913588 6.096067675306564
15.21136813681368 6.016172496299974
15.31137713771377 5.9378377478354905
15.411386138613858 5.861023057259213
15.51139513951395 5.785689349211876
15.61140414041404 5.711798795925265
15.711413141314129 5.639314769726237
15.811422142214221 5.568201797636964
15.91143114311431 5.49842551796635
16.0114401440144 5.429952638793421
16.11144914491449 5.362750898249037
16.211458145814582 5.296789026507461
16.311467146714673 5.232036709404141
16.411476147614763 5.16846455360072
16.51148514851485 5.106044053222477
16.61149414941494 5.044747557897542
16.711503150315032 4.984548242130943
16.811512151215123 4.925420075950177
16.911521152115213 4.867337796762289
17.0115301530153 4.8102768823657165
17.11153915391539 4.7542135250629665
17.211548154815482 4.699124606823228
17.311557155715573 4.644987675446406
17.411566156615663 4.591780921682804
17.511575157515754 4.5394831572648355
17.61158415841584 4.488073793809529
17.71159315931593 4.4375328225525035
17.811602160216022 4.387840794876295
17.911611161116113 4.338978803597525
18.011620162016204 4.290928464979398
18.11162916291629 4.243671901437513
18.21163816381638 4.197191724908651
18.311647164716472 4.151471020853622
18.411656165616563 4.106493332866738
18.511665166516654 4.062242647865691
18.61167416741674 4.018703381837048
18.71168316831683 3.975860366113575
18.811692169216922 3.9336988341609143
18.911701170117013 3.892204408852065
19.011710171017103 3.851363090209213
19.11171917191719 3.8111612435934132
19.21172817281728 3.771585588323487
19.311737173717372 3.7326231867064394
19.411746174617463 3.6942614334624415
19.511755175517553 3.6564880455282722
19.61176417641764 3.6192910522237898
19.71177317731773 3.582658785766765
19.811782178217822 3.5465798721220207
19.911791179117913 3.511043222171495
